0 0 0 0 0 0 0 0 0 0 0 0 0 0 0 0 0 0 0 0 0 0 0 0
0 0 0 0 0 0 0 0 0 0 0 0 0 0 0 0 0 0 0 0 0 0 0 0
0 0 0 0 0 0 0 0 0 0 0 0 0 0 0 0 0 0 0 0 0 0 0 0
0 0 0 0 0 0 0 0 0 0 0 0 0 0 0 0 0 0 0 0 0 0 0 0
0 0 0 0 0 5 0 0 0 0 0 4 0 0 0 0 4 0 0 0 0 0 0 0
0 0 0 0 5 0 4 0 0 0 0 0 0 0 0 0 0 4 0 0 0 0 0 0
0 0 0 0 0 4 0 5 0 0 0 0 0 0 0 0 0 0 4 0 0 0 0 0
0 0 0 0 0 0 5 0 4 0 0 0 0 0 0 0 0 0 0 4 0 0 0 0
0 0 0 0 0 0 0 4 0 5 0 0 4 0 0 0 0 0 0 0 0 0 0 0
0 0 0 0 0 0 0 0 5 0 4 0 0 4 0 0 0 0 0 0 0 0 0 0
0 0 0 0 0 0 0 0 0 4 0 5 0 0 4 0 0 0 0 0 0 0 0 0
0 0 0 0 4 0 0 0 0 0 5 0 0 0 0 4 0 0 0 0 0 0 0 0
0 0 0 0 0 0 0 0 4 0 0 0 0 7 0 0 0 0 0 4 7 0 0 0
0 0 0 0 0 0 0 0 0 4 0 0 7 0 4 0 0 0 0 0 7 0 0 0
0 0 0 0 0 0 0 0 0 0 4 0 0 4 0 7 0 0 0 0 0 7 0 0
0 0 0 0 0 0 0 0 0 0 0 4 0 0 7 0 4 0 0 0 0 7 0 0
0 0 0 0 4 0 0 0 0 0 0 0 0 0 0 4 0 7 0 0 0 0 7 0
0 0 0 0 0 4 0 0 0 0 0 0 0 0 0 0 7 0 4 0 0 0 7 0
0 0 0 0 0 0 4 0 0 0 0 0 0 0 0 0 0 4 0 7 0 0 0 7
0 0 0 0 0 0 0 4 0 0 0 0 4 0 0 0 0 0 7 0 0 0 0 7
0 0 0 0 0 0 0 0 0 0 0 0 7 7 0 0 0 0 0 0 0 10 0 10
0 0 0 0 0 0 0 0 0 0 0 0 0 0 7 7 0 0 0 0 10 0 10 0
0 0 0 0 0 0 0 0 0 0 0 0 0 0 0 0 7 7 0 0 0 10 0 10
0 0 0 0 0 0 0 0 0 0 0 0 0 0 0 0 0 0 7 7 10 0 10 0
